# Q S_total_mean S_total_se
1.0000000000e+00 -3.8206224280e-01 3.7598545545e-03
1.0100000000e+00 -3.4519606760e-01 3.7752690136e-03
1.0200000000e+00 -2.5838522220e-01 3.8105878473e-03
1.0300000000e+00 -1.4145873500e-01 3.8290287190e-03
1.0400000000e+00 -1.3525042212e-02 3.7410857439e-03
1.0500000000e+00 1.1154812300e-01 3.4804043239e-03
1.0600000000e+00 2.2508325340e-01 3.0589651178e-03
1.0700000000e+00 3.2024202420e-01 2.5811955245e-03
1.0800000000e+00 3.8827464140e-01 2.2109234490e-03
1.0900000000e+00 4.1733125500e-01 2.0589620757e-03
1.1000000000e+00 3.9532187460e-01 2.0625724924e-03
1.1100000000e+00 3.1603266720e-01 2.0717765822e-03
1.1200000000e+00 1.8571137860e-01 2.0079891915e-03
1.1300000000e+00 2.6578570120e-02 1.8860173432e-03
1.1400000000e+00 -1.2538695360e-01 1.7501293364e-03
1.1500000000e+00 -2.2881545000e-01 1.6080360928e-03
1.1600000000e+00 -2.4924166240e-01 1.4404693418e-03
1.1700000000e+00 -1.7114421220e-01 1.3074403960e-03
1.1800000000e+00 -5.1434583764e-03 1.4279591466e-03
1.1900000000e+00 2.1281848820e-01 1.9164352579e-03
1.2000000000e+00 4.3074469200e-01 2.5903878812e-03
1.2100000000e+00 5.9565859680e-01 3.2316558394e-03
1.2200000000e+00 6.6962651140e-01 3.6970870098e-03
1.2300000000e+00 6.4135052300e-01 3.9235380973e-03
1.2400000000e+00 5.2936910700e-01 3.9216015826e-03
1.2500000000e+00 3.7574867340e-01 3.7533086502e-03
1.2600000000e+00 2.3239910580e-01 3.4943786667e-03
1.2700000000e+00 1.4463149680e-01 3.2012161499e-03
1.2800000000e+00 1.3742216040e-01 2.9114062548e-03
1.2900000000e+00 2.0878773140e-01 2.6798536277e-03
1.3000000000e+00 3.3213553340e-01 2.5993418297e-03
1.3100000000e+00 4.6636967360e-01 2.7374068777e-03
1.3200000000e+00 5.7000217280e-01 3.0487647184e-03
1.3300000000e+00 6.1439296780e-01 3.4163395061e-03
1.3400000000e+00 5.9183943680e-01 3.7557684272e-03
1.3500000000e+00 5.1624967800e-01 4.0585865937e-03
1.3600000000e+00 4.1677963560e-01 4.3690556331e-03
1.3700000000e+00 3.2713634960e-01 4.7231005791e-03
1.3800000000e+00 2.7447052300e-01 5.0964548716e-03
1.3900000000e+00 2.7156556000e-01 5.4067542058e-03
1.4000000000e+00 3.1456996100e-01 5.5592545064e-03
1.4100000000e+00 3.8642807080e-01 5.4939163428e-03
1.4200000000e+00 4.6422210560e-01 5.2108000906e-03
1.4300000000e+00 5.2750543800e-01 4.7723178960e-03
1.4400000000e+00 5.6469712100e-01 4.2869266929e-03
1.4500000000e+00 5.7560935160e-01 3.8781891820e-03
1.4600000000e+00 5.6973657900e-01 3.6440051558e-03
1.4700000000e+00 5.6144226280e-01 3.6216133165e-03
1.4800000000e+00 5.6411443020e-01 3.7830873530e-03
1.4900000000e+00 5.8546207260e-01 4.0586700499e-03
1.5000000000e+00 6.2545478760e-01 4.3596616222e-03
1.5100000000e+00 6.7729784620e-01 4.5954252815e-03
1.5200000000e+00 7.3073016520e-01 4.6935240984e-03
1.5300000000e+00 7.7622126560e-01 4.6197413591e-03
1.5400000000e+00 8.0852151600e-01 4.3872134817e-03
1.5500000000e+00 8.2844681760e-01 4.0476286909e-03
1.5600000000e+00 8.4252319580e-01 3.6658444928e-03
1.5700000000e+00 8.6086886000e-01 3.2900823235e-03
1.5800000000e+00 8.9418859520e-01 2.9381983763e-03
1.5900000000e+00 9.5087241300e-01 2.6120746324e-03
1.6000000000e+00 1.0349631660e+00 2.3260593554e-03
1.6100000000e+00 1.1453420260e+00 2.1201803385e-03
1.6200000000e+00 1.2760692200e+00 2.0393759257e-03
1.6300000000e+00 1.4175564300e+00 2.0929947569e-03
1.6400000000e+00 1.5581847360e+00 2.2456526340e-03
1.6500000000e+00 1.6860676940e+00 2.4510208966e-03
1.6600000000e+00 1.7907857700e+00 2.6790862195e-03
1.6700000000e+00 1.8649869780e+00 2.9162039908e-03
1.6800000000e+00 1.9057173260e+00 3.1514665580e-03
1.6900000000e+00 1.9152498320e+00 3.3629358741e-03
1.7000000000e+00 1.9011110060e+00 3.5132234635e-03
1.7100000000e+00 1.8750522240e+00 3.5601727391e-03
1.7200000000e+00 1.8509226460e+00 3.4813475950e-03
1.7300000000e+00 1.8417316000e+00 3.3052885525e-03
1.7400000000e+00 1.8565288520e+00 3.1370590654e-03
1.7500000000e+00 1.8979361980e+00 3.1432415712e-03
1.7600000000e+00 1.9611190520e+00 3.4454456798e-03
1.7700000000e+00 2.0346618500e+00 4.0098094815e-03
1.7800000000e+00 2.1032821060e+00 4.6955806404e-03
1.7900000000e+00 2.1517481120e+00 5.3540602925e-03
1.8000000000e+00 2.1689488140e+00 5.8601741772e-03
1.8100000000e+00 2.1509554300e+00 6.1127682713e-03
1.8200000000e+00 2.1021681860e+00 6.0428573653e-03
1.8300000000e+00 2.0341897420e+00 5.6361625713e-03
1.8400000000e+00 1.9627386900e+00 4.9615651248e-03
1.8500000000e+00 1.9034962800e+00 4.1934225141e-03
1.8600000000e+00 1.8680814480e+00 3.5993295906e-03
1.8700000000e+00 1.8612806760e+00 3.4039173349e-03
1.8800000000e+00 1.8802504920e+00 3.5557517451e-03
1.8900000000e+00 1.9158022220e+00 3.8000788197e-03
1.9000000000e+00 1.9552698920e+00 3.9597249386e-03
1.9100000000e+00 1.9860428940e+00 4.0110417806e-03
1.9200000000e+00 1.9987317720e+00 4.0141879643e-03
1.9300000000e+00 1.9891402060e+00 4.0210906217e-03
1.9400000000e+00 1.9586462520e+00 4.0291226719e-03
1.9500000000e+00 1.9130964840e+00 4.0083956213e-03
1.9600000000e+00 1.8607247340e+00 3.9539591269e-03
1.9700000000e+00 1.8098073720e+00 3.8969250708e-03
1.9800000000e+00 1.7667250440e+00 3.8635489030e-03
1.9900000000e+00 1.7348648140e+00 3.8299837074e-03
2.0000000000e+00 1.7144720580e+00 3.7278417419e-03
2.0100000000e+00 1.7032672900e+00 3.4929908599e-03
2.0200000000e+00 1.6974697180e+00 3.1079515498e-03
2.0300000000e+00 1.6928500160e+00 2.6131170115e-03
2.0400000000e+00 1.6855442880e+00 2.0917677769e-03
2.0500000000e+00 1.6725306300e+00 1.6375483467e-03
2.0600000000e+00 1.6518222160e+00 1.3087107308e-03
2.0700000000e+00 1.6225087640e+00 1.1015688480e-03
2.0800000000e+00 1.5847658580e+00 1.0211877643e-03
2.0900000000e+00 1.5398735760e+00 1.1804201075e-03
2.1000000000e+00 1.4901937440e+00 1.6440580641e-03
2.1100000000e+00 1.4390016820e+00 2.2936715975e-03
2.1200000000e+00 1.3900843140e+00 2.9592608751e-03
2.1300000000e+00 1.3470990980e+00 3.4862881617e-03
2.1400000000e+00 1.3128020040e+00 3.7559942899e-03
2.1500000000e+00 1.2883465300e+00 3.7068219030e-03
2.1600000000e+00 1.2728835340e+00 3.3505113697e-03
2.1700000000e+00 1.2636329500e+00 2.7755694978e-03
2.1800000000e+00 1.2564668320e+00 2.1390965451e-03
2.1900000000e+00 1.2468819960e+00 1.6483478115e-03
2.2000000000e+00 1.2311070000e+00 1.4756667309e-03
2.2100000000e+00 1.2070321200e+00 1.5740624889e-03
2.2200000000e+00 1.1746949120e+00 1.7632192971e-03
2.2300000000e+00 1.1361863220e+00 1.9455285716e-03
2.2400000000e+00 1.0950193860e+00 2.0855253328e-03
2.2500000000e+00 1.0551648380e+00 2.1469949606e-03
2.2600000000e+00 1.0200516420e+00 2.0897974793e-03
2.2700000000e+00 9.9182515520e-01 1.8999859080e-03
2.2800000000e+00 9.7105564680e-01 1.6148557377e-03
2.2900000000e+00 9.5693220260e-01 1.3248453396e-03
2.3000000000e+00 9.4781687620e-01 1.1331362031e-03
2.3100000000e+00 9.4192644980e-01 1.0579332614e-03
2.3200000000e+00 9.3788884700e-01 1.0045792134e-03
2.3300000000e+00 9.3499121180e-01 8.8970392047e-04
2.3400000000e+00 9.3306788440e-01 7.3712091956e-04
2.3500000000e+00 9.3211906280e-01 7.0155488555e-04
2.3600000000e+00 9.3185231720e-01 8.9101841862e-04
2.3700000000e+00 9.3136323100e-01 1.1762758933e-03
2.3800000000e+00 9.2911132600e-01 1.4199502261e-03
2.3900000000e+00 9.2322737620e-01 1.5612474598e-03
2.4000000000e+00 9.1205442500e-01 1.5906932252e-03
2.4100000000e+00 8.9472819140e-01 1.5277547866e-03
2.4200000000e+00 8.7157970560e-01 1.4003438264e-03
2.4300000000e+00 8.4420270700e-01 1.2310275263e-03
2.4400000000e+00 8.1514819120e-01 1.0424577142e-03
2.4500000000e+00 7.8734312100e-01 8.8642804130e-04
2.4600000000e+00 7.6342858500e-01 8.5900941297e-04
2.4700000000e+00 7.4523682660e-01 9.9773751935e-04
2.4800000000e+00 7.3356702060e-01 1.2015417470e-03
2.4900000000e+00 7.2829924480e-01 1.3486369741e-03
2.5000000000e+00 7.2875177840e-01 1.3676352558e-03
2.5100000000e+00 7.3409237880e-01 1.2457402969e-03
2.5200000000e+00 7.4359896660e-01 1.0330440731e-03
2.5300000000e+00 7.5663836520e-01 8.4528120484e-04
2.5400000000e+00 7.7236711400e-01 8.0725692909e-04
2.5500000000e+00 7.8930278360e-01 8.8833214752e-04
2.5600000000e+00 8.0500704340e-01 9.5071473449e-04
2.5700000000e+00 8.1611843040e-01 9.3076817270e-04
2.5800000000e+00 8.1886370420e-01 8.7882040141e-04
2.5900000000e+00 8.0999367300e-01 9.2844526443e-04
2.6000000000e+00 7.8789691180e-01 1.1404633290e-03
2.6100000000e+00 7.5351787660e-01 1.4179087717e-03
2.6200000000e+00 7.1070241220e-01 1.6401954020e-03
2.6300000000e+00 6.6573083440e-01 1.7331346537e-03
2.6400000000e+00 6.2604333380e-01 1.6726511176e-03
2.6500000000e+00 5.9843828520e-01 1.4858730896e-03
2.6600000000e+00 5.8723656480e-01 1.2636246180e-03
2.6700000000e+00 5.9297344160e-01 1.1690895049e-03
2.6800000000e+00 6.1206715640e-01 1.3193801182e-03
2.6900000000e+00 6.3764285800e-01 1.6179941368e-03
2.7000000000e+00 6.6134082080e-01 1.8934324401e-03
2.7100000000e+00 6.7561958160e-01 2.0260667694e-03
2.7200000000e+00 6.7588433300e-01 1.9515067173e-03
2.7300000000e+00 6.6179461900e-01 1.6543338812e-03
2.7400000000e+00 6.3733470340e-01 1.1731619624e-03
2.7500000000e+00 6.0959883960e-01 6.5793537791e-04
2.7600000000e+00 5.8663839720e-01 6.8004551442e-04
2.7700000000e+00 5.7501315900e-01 1.2539292930e-03
2.7800000000e+00 5.7778925520e-01 1.8361915313e-03
2.7900000000e+00 5.9359656280e-01 2.2777344061e-03
2.8000000000e+00 6.1703750920e-01 2.5308446578e-03
2.8100000000e+00 6.4032671060e-01 2.5920150579e-03
2.8200000000e+00 6.5566554140e-01 2.4884716964e-03
2.8300000000e+00 6.5763402480e-01 2.2659871328e-03
2.8400000000e+00 6.4488152060e-01 1.9754793433e-03
2.8500000000e+00 6.2061484480e-01 1.6605596116e-03
2.8600000000e+00 5.9174723920e-01 1.3491388297e-03
2.8700000000e+00 5.6696972640e-01 1.0520395931e-03
2.8800000000e+00 5.5431668720e-01 7.6932627273e-04
2.8900000000e+00 5.5892987940e-01 5.0228575741e-04
2.9000000000e+00 5.8164707600e-01 2.8126641394e-04
2.9100000000e+00 6.1878536700e-01 2.6911900458e-04
2.9200000000e+00 6.6313884420e-01 4.8713174674e-04
2.9300000000e+00 7.0587274720e-01 7.6099682958e-04
2.9400000000e+00 7.3876747000e-01 1.0401570448e-03
2.9500000000e+00 7.5620365680e-01 1.2917045282e-03
2.9600000000e+00 7.5638896760e-01 1.4756859039e-03
2.9700000000e+00 7.4156333440e-01 1.5516194542e-03
2.9800000000e+00 7.1720638560e-01 1.4929465539e-03
2.9900000000e+00 6.9052521400e-01 1.3026242552e-03
3.0000000000e+00 6.6865784320e-01 1.0297315864e-03
3.0100000000e+00 6.5705661200e-01 7.9688334154e-04
3.0200000000e+00 6.5842359660e-01 7.8616019076e-04
3.0300000000e+00 6.7239549980e-01 9.9002562013e-04
3.0400000000e+00 6.9597263580e-01 1.2274692266e-03
3.0500000000e+00 7.2450956140e-01 1.3922096730e-03
3.0600000000e+00 7.5297290620e-01 1.4482410146e-03
3.0700000000e+00 7.7714277040e-01 1.3904177225e-03
3.0800000000e+00 7.9448330260e-01 1.2267205409e-03
3.0900000000e+00 8.0451450220e-01 9.7712334390e-04
3.1000000000e+00 8.0865034620e-01 6.9311446881e-04
3.1100000000e+00 8.0959618620e-01 5.1851021004e-04
3.1200000000e+00 8.1049394040e-01 6.2856642401e-04
3.1300000000e+00 8.1404893020e-01 8.6854202392e-04
3.1400000000e+00 8.2186031360e-01 1.0533249955e-03
3.1500000000e+00 8.3411287340e-01 1.1153024797e-03
3.1600000000e+00 8.4968718680e-01 1.0510895612e-03
3.1700000000e+00 8.6663222480e-01 9.0432531748e-04
3.1800000000e+00 8.8284732460e-01 7.5383157329e-04
3.1900000000e+00 8.9676502000e-01 6.7992441896e-04
3.2000000000e+00 9.0782885300e-01 6.9643084107e-04
3.2100000000e+00 9.1662252080e-01 7.5242666041e-04
3.2200000000e+00 9.2461291880e-01 8.1459961696e-04
3.2300000000e+00 9.3358996460e-01 8.8292594409e-04
3.2400000000e+00 9.4498420300e-01 9.5514420528e-04
3.2500000000e+00 9.5928730120e-01 1.0069702314e-03
3.2600000000e+00 9.7577403580e-01 1.0048872687e-03
3.2700000000e+00 9.9263247660e-01 9.2880725570e-04
3.2800000000e+00 1.0074787360e+00 7.9017957120e-04
3.2900000000e+00 1.0181049200e+00 6.5485126937e-04
3.3000000000e+00 1.0232259740e+00 6.5595889882e-04
3.3100000000e+00 1.0229820600e+00 8.4894429079e-04
3.3200000000e+00 1.0190235480e+00 1.1258613959e-03
3.3300000000e+00 1.0141347540e+00 1.3804573210e-03
3.3400000000e+00 1.0114991180e+00 1.5488995141e-03
3.3500000000e+00 1.0138247040e+00 1.5983902765e-03
3.3600000000e+00 1.0225958460e+00 1.5267446349e-03
3.3700000000e+00 1.0376785700e+00 1.3687783148e-03
3.3800000000e+00 1.0573961200e+00 1.2081575304e-03
3.3900000000e+00 1.0790432960e+00 1.1765573722e-03
3.4000000000e+00 1.0996728940e+00 1.3634592389e-03
3.4100000000e+00 1.1169083020e+00 1.7200791146e-03
3.4200000000e+00 1.1295377940e+00 2.1462589466e-03
3.4300000000e+00 1.1377254300e+00 2.5642611692e-03
3.4400000000e+00 1.1428017820e+00 2.9179091466e-03
3.4500000000e+00 1.1467310000e+00 3.1660268849e-03
3.4600000000e+00 1.1514448620e+00 3.2841616310e-03
3.4700000000e+00 1.1582609640e+00 3.2685751346e-03
3.4800000000e+00 1.1675562900e+00 3.1365383831e-03
3.4900000000e+00 1.1787698960e+00 2.9201076857e-03
3.5000000000e+00 1.1906951100e+00 2.6546932376e-03
3.5100000000e+00 1.2019327140e+00 2.3676926196e-03
3.5200000000e+00 1.2113391020e+00 2.0743566967e-03
3.5300000000e+00 1.2183260080e+00 1.7842738087e-03
3.5400000000e+00 1.2229367800e+00 1.5141783537e-03
3.5500000000e+00 1.2257098740e+00 1.2971688675e-03
3.5600000000e+00 1.2274111840e+00 1.1753181356e-03
3.5700000000e+00 1.2287489340e+00 1.1672155239e-03
3.5800000000e+00 1.2301717460e+00 1.2441307558e-03
3.5900000000e+00 1.2318020600e+00 1.3564758495e-03
3.6000000000e+00 1.2334966340e+00 1.4673728330e-03
3.6100000000e+00 1.2349783380e+00 1.5582349792e-03
3.6200000000e+00 1.2359663360e+00 1.6230237353e-03
3.6300000000e+00 1.2362484880e+00 1.6646248276e-03
3.6400000000e+00 1.2356795860e+00 1.6925778603e-03
3.6500000000e+00 1.2341317160e+00 1.7165858767e-03
3.6600000000e+00 1.2314490860e+00 1.7355925149e-03
3.6700000000e+00 1.2274568040e+00 1.7318749282e-03
3.6800000000e+00 1.2220436440e+00 1.6791864550e-03
3.6900000000e+00 1.2152958200e+00 1.5611627735e-03
3.7000000000e+00 1.2076226060e+00 1.3883418874e-03
3.7100000000e+00 1.1998028900e+00 1.2036559230e-03
3.7200000000e+00 1.1929021240e+00 1.0656762343e-03
3.7300000000e+00 1.1880554800e+00 1.0045141474e-03
3.7400000000e+00 1.1861682120e+00 9.9810065058e-04
3.7500000000e+00 1.1876258040e+00 1.0230343739e-03
3.7600000000e+00 1.1921158620e+00 1.1046884531e-03
3.7700000000e+00 1.1986352620e+00 1.2801882321e-03
3.7800000000e+00 1.2056971260e+00 1.5257281173e-03
3.7900000000e+00 1.2116840280e+00 1.7635069453e-03
3.8000000000e+00 1.2152410380e+00 1.9178046298e-03
3.8100000000e+00 1.2155854720e+00 1.9504989605e-03
3.8200000000e+00 1.2126369220e+00 1.8710802460e-03
3.8300000000e+00 1.2069327380e+00 1.7260970267e-03
3.8400000000e+00 1.1993691720e+00 1.5683560089e-03
3.8500000000e+00 1.1908690560e+00 1.4195795880e-03
3.8600000000e+00 1.1821009740e+00 1.2643453437e-03
3.8700000000e+00 1.1733525820e+00 1.0953229621e-03
3.8800000000e+00 1.1645993560e+00 9.7600182477e-04
3.8900000000e+00 1.1557322800e+00 1.0338607551e-03
3.9000000000e+00 1.1468421020e+00 1.2877004763e-03
3.9100000000e+00 1.1384296660e+00 1.6140584715e-03
3.9200000000e+00 1.1314334660e+00 1.9007077069e-03
3.9300000000e+00 1.1270311460e+00 2.0886179248e-03
3.9400000000e+00 1.1262588800e+00 2.1581594065e-03
3.9500000000e+00 1.1295704380e+00 2.1127783834e-03
3.9600000000e+00 1.1364964860e+00 1.9662502297e-03
3.9700000000e+00 1.1455481300e+00 1.7371396327e-03
3.9800000000e+00 1.1544385160e+00 1.4517516776e-03
3.9900000000e+00 1.1605938980e+00 1.1526393632e-03
4.0000000000e+00 1.1618244260e+00 9.0667274193e-04
4.0100000000e+00 1.1569594980e+00 7.8986439172e-04
4.0200000000e+00 1.1462471260e+00 8.0963522689e-04
4.0300000000e+00 1.1313767200e+00 8.8086817343e-04
4.0400000000e+00 1.1150931260e+00 9.2790054200e-04
4.0500000000e+00 1.1004941160e+00 9.2664388528e-04
4.0600000000e+00 1.0902042260e+00 8.9050144879e-04
4.0700000000e+00 1.0856622620e+00 8.5217280616e-04
4.0800000000e+00 1.0867318680e+00 8.4128884465e-04
4.0900000000e+00 1.0917519720e+00 8.5985758498e-04
4.1000000000e+00 1.0980137780e+00 8.8014939253e-04
4.1100000000e+00 1.1025237400e+00 8.6914733876e-04
4.1200000000e+00 1.1028269360e+00 8.1270237560e-04
4.1300000000e+00 1.0976492180e+00 7.2781077863e-04
4.1400000000e+00 1.0871742160e+00 6.6219230372e-04
4.1500000000e+00 1.0728849300e+00 6.6331597204e-04
4.1600000000e+00 1.0570334180e+00 7.2353623379e-04
4.1700000000e+00 1.0419140680e+00 7.9201569655e-04
4.1800000000e+00 1.0291716580e+00 8.3453407837e-04
4.1900000000e+00 1.0193576680e+00 8.5896153374e-04
4.2000000000e+00 1.0118642940e+00 9.0944367999e-04
4.2100000000e+00 1.0052423280e+00 1.0309148690e-03
4.2200000000e+00 9.9778670920e-01 1.2244735517e-03
4.2300000000e+00 9.8819080260e-01 1.4492863683e-03
4.2400000000e+00 9.7605303700e-01 1.6545914220e-03
4.2500000000e+00 9.6207210600e-01 1.7989554395e-03
4.2600000000e+00 9.4787095280e-01 1.8572113166e-03
4.2700000000e+00 9.3551107940e-01 1.8240961088e-03
4.2800000000e+00 9.2685765100e-01 1.7165120389e-03
4.2900000000e+00 9.2300096360e-01 1.5724564908e-03
4.3000000000e+00 9.2391759860e-01 1.4417732537e-03
4.3100000000e+00 9.2847380180e-01 1.3627666120e-03
4.3200000000e+00 9.3476186580e-01 1.3338673293e-03
4.3300000000e+00 9.4065475100e-01 1.3129053952e-03
4.3400000000e+00 9.4439898100e-01 1.2485880673e-03
4.3500000000e+00 9.4506097400e-01 1.1098968059e-03
4.3600000000e+00 9.4269699380e-01 9.0061350010e-04
4.3700000000e+00 9.3821155200e-01 6.7320280330e-04
4.3800000000e+00 9.3297073500e-01 5.5412760237e-04
4.3900000000e+00 9.2831170780e-01 6.4771404935e-04
4.4000000000e+00 9.2511402660e-01 8.4428471496e-04
4.4100000000e+00 9.2356666840e-01 1.0258381924e-03
4.4200000000e+00 9.2319030680e-01 1.1601384508e-03
4.4300000000e+00 9.2308467740e-01 1.2582869768e-03
4.4400000000e+00 9.2229709400e-01 1.3350648131e-03
4.4500000000e+00 9.2017469960e-01 1.3809228697e-03
4.4600000000e+00 9.1657900880e-01 1.3627549967e-03
4.4700000000e+00 9.1189842220e-01 1.2498630972e-03
4.4800000000e+00 9.0687029240e-01 1.0427928120e-03
4.4900000000e+00 9.0229104260e-01 7.9603028274e-04
4.5000000000e+00 8.9872763420e-01 6.3634925030e-04
4.5100000000e+00 8.9633579100e-01 6.7586845068e-04
4.5200000000e+00 8.9484503020e-01 8.1809436062e-04
4.5300000000e+00 8.9370615600e-01 9.3477648474e-04
4.5400000000e+00 8.9233767040e-01 1.0061736877e-03
4.5500000000e+00 8.9037474140e-01 1.0837410699e-03
4.5600000000e+00 8.8782830160e-01 1.2157660498e-03
4.5700000000e+00 8.8509912500e-01 1.3838972290e-03
4.5800000000e+00 8.8284683340e-01 1.5219962574e-03
4.5900000000e+00 8.8176569860e-01 1.5725058632e-03
4.6000000000e+00 8.8234916660e-01 1.5170672525e-03
4.6100000000e+00 8.8472376420e-01 1.3818456725e-03
4.6200000000e+00 8.8860318840e-01 1.2266980023e-03
4.6300000000e+00 8.9336801500e-01 1.1155425219e-03
4.6400000000e+00 8.9823348100e-01 1.0715770532e-03
4.6500000000e+00 9.0244282400e-01 1.0638507731e-03
4.6600000000e+00 9.0542415840e-01 1.0502651075e-03
4.6700000000e+00 9.0687186360e-01 1.0147981437e-03
4.6800000000e+00 9.0674743520e-01 9.6574647163e-04
4.6900000000e+00 9.0522486980e-01 9.1503972026e-04
4.7000000000e+00 9.0261993760e-01 8.6293176658e-04
4.7100000000e+00 8.9933692020e-01 8.0195417027e-04
4.7200000000e+00 8.9584533500e-01 7.3356187894e-04
4.7300000000e+00 8.9267419400e-01 6.7970988565e-04
4.7400000000e+00 8.9039524860e-01 6.7520993164e-04
4.7500000000e+00 8.8956780720e-01 7.3790591021e-04
4.7600000000e+00 8.9063646700e-01 8.5273874059e-04
4.7700000000e+00 8.9380130740e-01 9.9260576855e-04
4.7800000000e+00 8.9890463680e-01 1.1350454771e-03
4.7900000000e+00 9.0538676120e-01 1.2604225669e-03
4.8000000000e+00 9.1234912720e-01 1.3474440672e-03
4.8100000000e+00 9.1872954600e-01 1.3745792366e-03
4.8200000000e+00 9.2355283980e-01 1.3266294064e-03
4.8300000000e+00 9.2618708780e-01 1.2028543286e-03
4.8400000000e+00 9.2652484780e-01 1.0244258125e-03
4.8500000000e+00 9.2502644920e-01 8.4115919547e-04
4.8600000000e+00 9.2260418620e-01 7.2987316056e-04
4.8700000000e+00 9.2037792560e-01 7.4303479352e-04
4.8800000000e+00 9.1937577880e-01 8.3749269788e-04
4.8900000000e+00 9.2027204540e-01 9.3217873050e-04
4.9000000000e+00 9.2324140680e-01 9.7896528524e-04
4.9100000000e+00 9.2796773340e-01 9.6378609709e-04
4.9200000000e+00 9.3379258100e-01 8.9272756469e-04
4.9300000000e+00 9.3994196540e-01 7.8323137304e-04
4.9400000000e+00 9.4574724860e-01 6.6356505385e-04
4.9500000000e+00 9.5078488320e-01 5.7875233350e-04
4.9600000000e+00 9.5489624640e-01 5.7676588651e-04
4.9700000000e+00 9.5809834380e-01 6.5119031161e-04
4.9800000000e+00 9.6043934860e-01 7.3935218575e-04
4.9900000000e+00 9.6187308280e-01 7.8458553615e-04
5.0000000000e+00 9.6221593520e-01 7.6664313550e-04
5.0100000000e+00 9.6121280740e-01 7.1501273185e-04
5.0200000000e+00 9.5869021380e-01 7.1207164688e-04
5.0300000000e+00 9.5473396740e-01 8.2513548253e-04
5.0400000000e+00 9.4981245580e-01 1.0145803061e-03
5.0500000000e+00 9.4478141660e-01 1.1921316912e-03
5.0600000000e+00 9.4074736360e-01 1.2942428903e-03
5.0700000000e+00 9.3881913880e-01 1.2952431136e-03
5.0800000000e+00 9.3982070600e-01 1.2041372665e-03
5.0900000000e+00 9.4405669900e-01 1.0573959037e-03
5.1000000000e+00 9.5120813880e-01 9.0645482269e-04
5.1100000000e+00 9.6039414820e-01 7.9618619637e-04
5.1200000000e+00 9.7038145140e-01 7.3772179487e-04
5.1300000000e+00 9.7987654000e-01 7.0484077067e-04
5.1400000000e+00 9.8781208280e-01 6.6541145468e-04
5.1500000000e+00 9.9354684900e-01 6.0740146873e-04
5.1600000000e+00 9.9693286200e-01 5.4249023203e-04
5.1700000000e+00 9.9825077100e-01 4.9849101896e-04
5.1800000000e+00 9.9805651440e-01 5.0125026771e-04
5.1900000000e+00 9.9700429220e-01 5.5383885809e-04
5.2000000000e+00 9.9570622860e-01 6.4612410322e-04
5.2100000000e+00 9.9466225400e-01 7.8049683047e-04
5.2200000000e+00 9.9425754140e-01 9.7177879542e-04
5.2300000000e+00 9.9479511820e-01 1.2256806767e-03
5.2400000000e+00 9.9652035880e-01 1.5246991884e-03
5.2500000000e+00 9.9960565140e-01 1.8326716640e-03
5.2600000000e+00 1.0040913826e+00 2.1075470469e-03
5.2700000000e+00 1.0098101540e+00 2.3130878610e-03
5.2800000000e+00 1.0163400260e+00 2.4265118629e-03
5.2900000000e+00 1.0230296120e+00 2.4411555689e-03
5.3000000000e+00 1.0291128640e+00 2.3642951777e-03
5.3100000000e+00 1.0338933420e+00 2.2116885800e-03
5.3200000000e+00 1.0369428600e+00 2.0016774489e-03
5.3300000000e+00 1.0382428980e+00 1.7519306019e-03
5.3400000000e+00 1.0382086080e+00 1.4807642102e-03
5.3500000000e+00 1.0375721620e+00 1.2134763596e-03
5.3600000000e+00 1.0371529960e+00 9.9271728146e-04
5.3700000000e+00 1.0375873380e+00 8.8086239850e-04
5.3800000000e+00 1.0391110520e+00 9.1344322301e-04
5.3900000000e+00 1.0414775080e+00 1.0392456148e-03
5.4000000000e+00 1.0440485040e+00 1.1681842504e-03
5.4100000000e+00 1.0460355080e+00 1.2304026307e-03
5.4200000000e+00 1.0468120660e+00 1.1850305014e-03
5.4300000000e+00 1.0461878720e+00 1.0208169277e-03
5.4400000000e+00 1.0445421380e+00 7.6614027763e-04
5.4500000000e+00 1.0427589800e+00 5.3256562668e-04
5.4600000000e+00 1.0419746680e+00 5.6953058311e-04
5.4700000000e+00 1.0432134260e+00 8.5357705100e-04
5.4800000000e+00 1.0470308200e+00 1.1512053733e-03
5.4900000000e+00 1.0532859820e+00 1.3619774248e-03
5.5000000000e+00 1.0611245520e+00 1.4557252734e-03
5.5100000000e+00 1.0691856360e+00 1.4398614991e-03
5.5200000000e+00 1.0759720280e+00 1.3463516083e-03
5.5300000000e+00 1.0802684780e+00 1.2190532644e-03
5.5400000000e+00 1.0814764220e+00 1.1007515456e-03
5.5500000000e+00 1.0797611320e+00 1.0223160436e-03
5.5600000000e+00 1.0759684180e+00 9.9510148549e-04
5.5700000000e+00 1.0713426920e+00 1.0080884986e-03
5.5800000000e+00 1.0671401600e+00 1.0335409610e-03
5.5900000000e+00 1.0642611280e+00 1.0401836943e-03
5.6000000000e+00 1.0630138040e+00 1.0066225377e-03
5.6100000000e+00 1.0630750400e+00 9.2925317461e-04
5.6200000000e+00 1.0636475300e+00 8.2220575517e-04
5.6300000000e+00 1.0637512740e+00 7.0940464652e-04
5.6400000000e+00 1.0625491460e+00 6.1421195217e-04
5.6500000000e+00 1.0596034680e+00 5.5968758638e-04
5.6600000000e+00 1.0549906600e+00 5.7960643032e-04
5.6700000000e+00 1.0492520380e+00 6.9771443899e-04
5.6800000000e+00 1.0432119880e+00 8.8767020946e-04
5.6900000000e+00 1.0377324920e+00 1.0910138448e-03
5.7000000000e+00 1.0334845780e+00 1.2504049450e-03
5.7100000000e+00 1.0308015800e+00 1.3251107056e-03
5.7200000000e+00 1.0296449020e+00 1.2992877550e-03
5.7300000000e+00 1.0296737640e+00 1.1862976267e-03
5.7400000000e+00 1.0303802080e+00 1.0281892375e-03
5.7500000000e+00 1.0312381120e+00 8.8722179320e-04
5.7600000000e+00 1.0318216800e+00 8.1728304774e-04
5.7700000000e+00 1.0318689000e+00 8.1820885789e-04
5.7800000000e+00 1.0312892320e+00 8.3894922013e-04
5.7900000000e+00 1.0301327220e+00 8.3167668066e-04
5.8000000000e+00 1.0285444500e+00 7.7798323026e-04
5.8100000000e+00 1.0267230500e+00 6.8521133638e-04
5.8200000000e+00 1.0248907680e+00 5.7730968987e-04
5.8300000000e+00 1.0232710860e+00 4.8516476186e-04
5.8400000000e+00 1.0220649060e+00 4.3050905993e-04
5.8500000000e+00 1.0214192480e+00 4.0682390440e-04
5.8600000000e+00 1.0213914300e+00 3.8648130488e-04
5.8700000000e+00 1.0219208460e+00 3.5090860227e-04
5.8800000000e+00 1.0228246460e+00 3.1078136726e-04
5.8900000000e+00 1.0238285740e+00 3.1031762507e-04
5.9000000000e+00 1.0246321500e+00 3.8288539776e-04
5.9100000000e+00 1.0249917760e+00 5.0155998163e-04
5.9200000000e+00 1.0247944760e+00 6.2349344077e-04
5.9300000000e+00 1.0240936840e+00 7.1810729150e-04
5.9400000000e+00 1.0230893140e+00 7.6395928309e-04
5.9500000000e+00 1.0220540040e+00 7.4504073170e-04
5.9600000000e+00 1.0212289400e+00 6.5141077535e-04
5.9700000000e+00 1.0207268300e+00 4.8490465818e-04
5.9800000000e+00 1.0204807420e+00 2.8123563534e-04
5.9900000000e+00 1.0202627320e+00 2.4533298301e-04
6.0000000000e+00 1.0197712400e+00 4.8351926051e-04
6.0100000000e+00 1.0187589020e+00 7.4717030098e-04
6.0200000000e+00 1.0171540740e+00 9.4953976068e-04
6.0300000000e+00 1.0151273540e+00 1.0539266410e-03
6.0400000000e+00 1.0130708880e+00 1.0489648354e-03
6.0500000000e+00 1.0114883740e+00 9.4763239251e-04
6.0600000000e+00 1.0108269040e+00 7.8428176656e-04
6.0700000000e+00 1.0113060600e+00 6.0796358399e-04
6.0800000000e+00 1.0128054460e+00 4.7131686966e-04
6.0900000000e+00 1.0148557480e+00 4.0610579813e-04
6.1000000000e+00 1.0167454760e+00 3.9496895752e-04
6.1100000000e+00 1.0177162280e+00 3.9827261212e-04
6.1200000000e+00 1.0171876920e+00 3.9572800121e-04
6.1300000000e+00 1.0149406080e+00 3.8425933307e-04
6.1400000000e+00 1.0111970380e+00 3.6674885328e-04
6.1500000000e+00 1.0065690060e+00 3.5276937841e-04
6.1600000000e+00 1.0018885240e+00 3.6176455825e-04
6.1700000000e+00 9.9797034640e-01 4.0919893629e-04
6.1800000000e+00 9.9538025620e-01 4.8718419407e-04
6.1900000000e+00 9.9427964360e-01 5.7359119236e-04
6.2000000000e+00 9.9439206320e-01 6.5063596912e-04
6.2100000000e+00 9.9509843520e-01 7.1076034528e-04
6.2200000000e+00 9.9562751420e-01 7.5379985651e-04
6.2300000000e+00 9.9528048720e-01 7.8157855483e-04
6.2400000000e+00 9.9362154500e-01 7.9430161611e-04
6.2500000000e+00 9.9058131160e-01 7.9106896065e-04
6.2600000000e+00 9.8645077660e-01 7.7356109070e-04
6.2700000000e+00 9.8177879680e-01 7.5045613141e-04
6.2800000000e+00 9.7721414460e-01 7.4023525488e-04
6.2900000000e+00 9.7334494280e-01 7.6755035176e-04
6.3000000000e+00 9.7058160660e-01 8.4789272833e-04
6.3100000000e+00 9.6910833900e-01 9.7211311243e-04
6.3200000000e+00 9.6890164360e-01 1.1099958892e-03
6.3300000000e+00 9.6979233660e-01 1.2253362518e-03
6.3400000000e+00 9.7153756700e-01 1.2879704561e-03
6.3500000000e+00 9.7387375560e-01 1.2809811811e-03
6.3600000000e+00 9.7653676880e-01 1.2042518032e-03
6.3700000000e+00 9.7925466060e-01 1.0739881038e-03
6.3800000000e+00 9.8173268640e-01 9.1756339962e-04
6.3900000000e+00 9.8365409040e-01 7.6378809121e-04
6.4000000000e+00 9.8471206760e-01 6.3070840027e-04
6.4100000000e+00 9.8467207740e-01 5.1791685442e-04
6.4200000000e+00 9.8344636560e-01 4.1226446947e-04
6.4300000000e+00 9.8115177540e-01 3.0481954528e-04
6.4400000000e+00 9.7812267540e-01 2.1467120009e-04
6.4500000000e+00 9.7486361900e-01 2.2261999244e-04
6.4600000000e+00 9.7194674300e-01 3.5245888398e-04
6.4700000000e+00 9.6987943340e-01 5.3050742574e-04
6.4800000000e+00 9.6898056340e-01 7.1474668533e-04
6.4900000000e+00 9.6930353320e-01 8.7826839842e-04
6.5000000000e+00 9.7063086200e-01 9.9849329658e-04
6.5100000000e+00 9.7254273460e-01 1.0601576966e-03
6.5200000000e+00 9.7453831160e-01 1.0606596982e-03
6.5300000000e+00 9.7617210760e-01 1.0131960210e-03
6.5400000000e+00 9.7716391380e-01 9.4514504859e-04
6.5500000000e+00 9.7745087320e-01 8.8986316919e-04
6.5600000000e+00 9.7717049740e-01 8.7224525971e-04
6.5700000000e+00 9.7658647420e-01 8.9680124743e-04
6.5800000000e+00 9.7598689980e-01 9.5010491960e-04
6.5900000000e+00 9.7559116000e-01 1.0115449449e-03
6.6000000000e+00 9.7549529640e-01 1.0591345070e-03
6.6100000000e+00 9.7566931480e-01 1.0715490860e-03
6.6200000000e+00 9.7599997840e-01 1.0319975265e-03
6.6300000000e+00 9.7635662660e-01 9.3356504931e-04
6.6400000000e+00 9.7665121260e-01 7.8250355730e-04
6.6500000000e+00 9.7686886200e-01 5.9761891641e-04
6.6600000000e+00 9.7705933880e-01 4.0873710191e-04
6.6700000000e+00 9.7729693920e-01 2.6912900924e-04
6.6800000000e+00 9.7762967080e-01 2.7432969534e-04
6.6900000000e+00 9.7804286140e-01 4.0308620844e-04
6.7000000000e+00 9.7845596180e-01 5.5745337161e-04
6.7100000000e+00 9.7875687680e-01 6.9407541123e-04
6.7200000000e+00 9.7886146400e-01 7.9065354546e-04
6.7300000000e+00 9.7877364200e-01 8.3673258263e-04
6.7400000000e+00 9.7861891140e-01 8.3700183067e-04
6.7500000000e+00 9.7863248000e-01 8.1055981062e-04
6.7600000000e+00 9.7909974780e-01 7.8000647354e-04
6.7700000000e+00 9.8026556560e-01 7.5488986925e-04
6.7800000000e+00 9.8224234460e-01 7.2801016688e-04
6.7900000000e+00 9.8495026300e-01 6.9448605241e-04
6.8000000000e+00 9.8811383460e-01 6.7510850668e-04
6.8100000000e+00 9.9132069800e-01 7.1143901748e-04
6.8200000000e+00 9.9412705220e-01 8.1676888161e-04
6.8300000000e+00 9.9617732260e-01 9.5071516655e-04
6.8400000000e+00 9.9729964160e-01 1.0563913719e-03
6.8500000000e+00 9.9754599720e-01 1.0930508204e-03
6.8600000000e+00 9.9716414280e-01 1.0450190812e-03
6.8700000000e+00 9.9651138900e-01 9.2034399306e-04
6.8800000000e+00 9.9594003580e-01 7.4444959355e-04
6.8900000000e+00 9.9569356560e-01 5.5073003401e-04
6.9000000000e+00 9.9584837440e-01 3.7175317568e-04
6.9100000000e+00 9.9631920820e-01 2.4120034016e-04
6.9200000000e+00 9.9692347260e-01 2.1481729254e-04
6.9300000000e+00 9.9747839760e-01 3.0142882538e-04
6.9400000000e+00 9.9789320920e-01 4.2966663332e-04
6.9500000000e+00 9.9822037400e-01 5.5310472822e-04
6.9600000000e+00 9.9864503740e-01 6.4122871590e-04
6.9700000000e+00 9.9941464860e-01 6.7051801701e-04
6.9800000000e+00 1.0007334492e+00 6.2760304887e-04
6.9900000000e+00 1.0026605820e+00 5.1370421939e-04
7.0000000000e+00 1.0050510780e+00 3.5232867221e-04
