# mu P_by_P0 Nmean Nse uptake_mean uptake_se
-9.0000000000e+00 3.1139922213e+00 2.0239920000e+03 2.7178252335e+00 2.0550915513e+01 2.7595858464e-02
-9.0500000000e+00 2.9127207220e+00 2.0227940000e+03 2.6332386903e+00 2.0538751435e+01 2.6736995930e-02
-9.1000000000e+00 2.7244583164e+00 2.0141260000e+03 2.3657421668e+00 2.0450739557e+01 2.4020928636e-02
-9.1500000000e+00 2.5483641674e+00 2.0182640000e+03 1.1876935632e+00 2.0492755380e+01 1.2059430111e-02
-9.2000000000e+00 2.3836517853e+00 2.0084220000e+03 2.2841309069e+00 2.0392823112e+01 2.3192276097e-02
-9.2500000000e+00 2.2295855146e+00 2.0035920000e+03 2.2849231935e+00 2.0343780961e+01 2.3200320707e-02
-9.3000000000e+00 2.0854772486e+00 1.9970760000e+03 2.9122493025e+00 2.0277619748e+01 2.9569973283e-02
-9.3500000000e+00 1.9506833562e+00 1.9905680000e+03 3.0235978569e+00 2.0211539764e+01 3.0700568031e-02
-9.4000000000e+00 1.8246018069e+00 1.9851040000e+03 3.2689304061e+00 2.0156060196e+01 3.3191589975e-02
-9.4500000000e+00 1.7066694824e+00 1.9839900000e+03 1.7730538627e+00 2.0144749025e+01 1.8002976353e-02
-9.5000000000e+00 1.5963596610e+00 1.9772320000e+03 1.9994684294e+00 2.0076130628e+01 2.0301911650e-02
-9.5500000000e+00 1.4931796659e+00 1.9735500000e+03 2.2780100966e+00 2.0038744872e+01 2.3130127507e-02
-9.6000000000e+00 1.3966686637e+00 1.9664180000e+03 1.3915293745e+00 1.9966329008e+01 1.4129108509e-02
-9.6500000000e+00 1.3063956071e+00 1.9579320000e+03 7.4038773626e-01 1.9880165095e+01 7.5176412866e-03
-9.7000000000e+00 1.2219573094e+00 1.9458460000e+03 2.6801391755e+00 1.9757448027e+01 2.7213207247e-02
-9.7500000000e+00 1.1429766433e+00 1.9338960000e+03 2.6563350692e+00 1.9636111855e+01 2.6971508576e-02
-9.8000000000e+00 1.0691008574e+00 1.8390660000e+03 2.3057523848e+01 1.8673240798e+01 2.3411813116e-01
-9.8500000000e+00 1.0000000000e+00 1.5564640000e+03 3.9500952470e+01 1.5803797724e+01 4.0107902447e-01
-9.9000000000e+00 9.3536544571e-01 1.2694740000e+03 9.4572731799e+00 1.2889800414e+01 9.6025884549e-02
-9.9500000000e+00 8.7490851704e-01 1.1887020000e+03 6.7686818510e+00 1.2069669431e+01 6.8726857037e-02
-1.0000000000e+01 8.1835919500e-01 1.1250120000e+03 5.5462558542e+00 1.1422983175e+01 5.6314765795e-02
-1.0050000000e+01 7.6546491318e-01 1.0728260000e+03 4.4784445961e+00 1.0893104561e+01 4.5472579209e-02
-1.0100000000e+01 7.1598942970e-01 1.0277920000e+03 4.1165572995e+00 1.0435844883e+01 4.1798100625e-02
-1.0150000000e+01 6.6971177203e-01 9.9163680000e+02 4.6479153865e+00 1.0068737473e+01 4.7193327057e-02
-1.0200000000e+01 6.2642525015e-01 9.6033040000e+02 2.5293214426e+00 9.7508631036e+00 2.5681856099e-02
-1.0250000000e+01 5.8593653331e-01 9.2052400000e+02 2.7899724551e+00 9.3466826704e+00 2.8328416422e-02
-1.0300000000e+01 5.4806478664e-01 8.9585720000e+02 1.6366679382e+00 9.0962245052e+00 1.6618160807e-02
-1.0350000000e+01 5.1264086344e-01 8.6656740000e+02 2.4053813960e+00 8.7988259951e+00 2.4423411681e-02
-1.0400000000e+01 4.7950654972e-01 8.4227100000e+02 1.5709395596e+00 8.5521287435e+00 1.5950777561e-02
-1.0450000000e+01 4.4851385760e-01 8.1800500000e+02 1.8594648155e+00 8.3057401630e+00 1.8880363323e-02
-1.0500000000e+01 4.1952436432e-01 7.9494540000e+02 1.1289955979e+00 8.0716009513e+00 1.1463431262e-02
-1.0550000000e+01 3.9240859402e-01 7.7690320000e+02 1.4098734128e+00 7.8884066858e+00 1.4315367554e-02
-1.0600000000e+01 3.6704543945e-01 7.6122220000e+02 1.6551412749e+00 7.7291872293e+00 1.6805732678e-02
-1.0650000000e+01 3.4332162107e-01 7.4180620000e+02 2.3224385977e+00 7.5320438732e+00 2.3581239163e-02
-1.0700000000e+01 3.2113118111e-01 7.2647700000e+02 8.5972792208e-01 7.3763964724e+00 8.7293803000e-03
-1.0750000000e+01 3.0037501036e-01 7.0956040000e+02 1.5652821982e+00 7.2046311604e+00 1.5893334668e-02
-1.0800000000e+01 2.8096040544e-01 6.9564480000e+02 1.5602591900e+00 7.0633369656e+00 1.5842332772e-02
-1.0850000000e+01 2.6280065486e-01 6.8058640000e+02 3.0669277787e-01 6.9104391744e+00 3.1140525061e-03
-1.0900000000e+01 2.4581465167e-01 6.6703240000e+02 1.2698786399e+00 6.7728165411e+00 1.2893908973e-02
-1.0950000000e+01 2.2992653122e-01 6.4912660000e+02 1.6220686360e+00 6.5910072341e+00 1.6469924541e-02
-1.1000000000e+01 2.1506533236e-01 6.3642860000e+02 5.7952684148e-01 6.4620761290e+00 5.8843153333e-03
-1.1050000000e+01 2.0116468046e-01 6.2376500000e+02 1.2585027215e+00 6.3334943097e+00 1.2778401856e-02
-1.1100000000e+01 1.8816249100e-01 6.0860660000e+02 1.1184358989e+00 6.1795811530e+00 1.1356211710e-02
-1.1150000000e+01 1.7600069226e-01 5.9409300000e+02 1.4036200697e+00 6.0322150728e+00 1.4251873264e-02
-1.1200000000e+01 1.6462496596e-01 5.8116520000e+02 1.0792168642e+00 5.9009506580e+00 1.0957995180e-02
-1.1250000000e+01 1.5398450466e-01 5.6794520000e+02 1.4144181631e+00 5.7667193453e+00 1.4361513378e-02
-1.1300000000e+01 1.4403178484e-01 5.5520380000e+02 1.1684079510e+00 5.6373475716e+00 1.1863610674e-02
-1.1350000000e+01 1.3472235462e-01 5.4032800000e+02 9.5751407300e-01 5.4863038378e+00 9.7222670941e-03
-1.1400000000e+01 1.2601463528e-01 5.2817780000e+02 1.7144029981e+00 5.3629349046e+00 1.7407455743e-02
-1.1450000000e+01 1.1786973549e-01 5.1317660000e+02 7.1514939698e-01 5.2106179025e+00 7.2613799012e-03
-1.1500000000e+01 1.1025127768e-01 5.0130060000e+02 6.5750776421e-01 5.0900331015e+00 6.6761066911e-03
-1.1550000000e+01 1.0312523548e-01 4.8738620000e+02 8.3697176774e-01 4.9487510910e+00 8.4983221772e-03
-1.1600000000e+01 9.6459781853e-02 4.7125080000e+02 1.0910435555e+00 4.7849178140e+00 1.1078079323e-02
-1.1650000000e+01 9.0225146846e-02 4.5960100000e+02 9.3860614743e-01 4.6666297696e+00 9.5302825409e-03
-1.1700000000e+01 8.4393484694e-02 4.4609800000e+02 8.4621114386e-01 4.5295249726e+00 8.5921356062e-03
-1.1750000000e+01 7.8938749427e-02 4.3141860000e+02 7.4446555327e-01 4.3804754165e+00 7.5590460273e-03
-1.1800000000e+01 7.3836578541e-02 4.1765080000e+02 6.4229536819e-01 4.2406819319e+00 6.5216452567e-03
-1.1850000000e+01 6.9064184197e-02 4.0478140000e+02 1.4463215618e+00 4.1100104904e+00 1.4685449454e-02
-1.1900000000e+01 6.4600251435e-02 3.9281860000e+02 7.3408321054e-01 3.9885443522e+00 7.4536273030e-03
-1.1950000000e+01 6.0424842976e-02 3.7804720000e+02 9.4737803437e-01 3.8385606599e+00 9.6193492546e-03
-1.2000000000e+01 5.6519310183e-02 3.6533440000e+02 9.4644300409e-01 3.7094792807e+00 9.6098552905e-03
-1.2050000000e+01 5.2866209761e-02 3.5217160000e+02 1.5024217650e+00 3.5758287570e+00 1.5255071537e-02
-1.2100000000e+01 4.9449225856e-02 3.3917280000e+02 8.5742815442e-01 3.4438434327e+00 8.7060292531e-03
-1.2150000000e+01 4.6253097183e-02 3.2422360000e+02 6.6136582917e-01 3.2920544206e+00 6.7152801440e-03
-1.2200000000e+01 4.3263548862e-02 3.1262240000e+02 8.6634834795e-01 3.1742598438e+00 8.7966018179e-03
-1.2250000000e+01 4.0467228665e-02 2.9941860000e+02 5.9105317866e-01 3.0401930203e+00 6.0013497856e-03
-1.2300000000e+01 3.7851647377e-02 2.8776160000e+02 7.7670937937e-01 2.9218318696e+00 7.8864387033e-03
-1.2350000000e+01 3.5405123019e-02 2.7534140000e+02 6.4365181581e-01 2.7957214498e+00 6.5354181540e-03
-1.2400000000e+01 3.3116728674e-02 2.6379980000e+02 1.2941992660e+00 2.6785320308e+00 1.3140852229e-02
-1.2450000000e+01 3.0976243676e-02 2.5358140000e+02 5.3723464147e-01 2.5747779275e+00 5.4548949545e-03
-1.2500000000e+01 2.8974107973e-02 2.4231200000e+02 6.2946199250e-01 2.4603523333e+00 6.3913396124e-03
-1.2550000000e+01 2.7101379418e-02 2.3030800000e+02 9.1777480898e-01 2.3384678645e+00 9.3187683395e-03
-1.2600000000e+01 2.5349693839e-02 2.2185460000e+02 8.3567120329e-01 2.2526349614e+00 8.4851166973e-03
-1.2650000000e+01 2.3711227676e-02 2.1293020000e+02 1.0977828292e+00 2.1620196870e+00 1.1146507581e-02
-1.2700000000e+01 2.2178663044e-02 2.0214680000e+02 3.8827907489e-01 2.0525287689e+00 3.9424515799e-03
-1.2750000000e+01 2.0745155044e-02 1.9347440000e+02 5.5134876440e-01 1.9644722155e+00 5.5982048722e-03
-1.2800000000e+01 1.9404301194e-02 1.8492060000e+02 8.7179536590e-01 1.8776198854e+00 8.8519089482e-03
-1.2850000000e+01 1.8150112835e-02 1.7672320000e+02 4.4116135370e-01 1.7943863179e+00 4.4793999718e-03
-1.2900000000e+01 1.6976988381e-02 1.6801480000e+02 7.7713894511e-01 1.7059642329e+00 7.8908003604e-03
-1.2950000000e+01 1.5879688304e-02 1.6152180000e+02 3.2094694266e-01 1.6400365541e+00 3.2587843665e-03
-1.3000000000e+01 1.4853311729e-02 1.5502840000e+02 7.3253358967e-01 1.5741048139e+00 7.4378929959e-03
-1.3050000000e+01 1.3893274545e-02 1.4626580000e+02 6.4216644260e-01 1.4851324008e+00 6.5203361957e-03
-1.3100000000e+01 1.2995288937e-02 1.4069180000e+02 5.6089351931e-01 1.4285359306e+00 5.6951190189e-03
-1.3150000000e+01 1.2155344229e-02 1.3485460000e+02 3.0891367726e-01 1.3692670184e+00 3.1366027545e-03
-1.3200000000e+01 1.1369688973e-02 1.2881240000e+02 3.1060177076e-01 1.3079166071e+00 3.1537430672e-03
-1.3250000000e+01 1.0634814194e-02 1.2274680000e+02 5.3481187347e-01 1.2463286002e+00 5.4302950050e-03
-1.3300000000e+01 9.9474377183e-03 1.1832660000e+02 4.1628086672e-01 1.2014474165e+00 4.2267721000e-03
-1.3350000000e+01 9.3044895151e-03 1.1312660000e+02 3.4896885248e-01 1.1486484131e+00 3.5433091553e-03
-1.3400000000e+01 8.7030979824e-03 1.0862860000e+02 2.4809425628e-01 1.1029772750e+00 2.5190633659e-03
-1.3450000000e+01 8.1405771234e-03 1.0377880000e+02 5.8793770078e-01 1.0537340814e+00 5.9697162964e-03
-1.3500000000e+01 7.6144145494e-03 1.0015154000e+02 2.6179455991e-01 1.0169041365e+00 2.6581715071e-03
-1.3550000000e+01 7.1222602589e-03 9.5755300000e+01 2.3885850833e-01 9.7226623436e-01 2.4252867707e-03
-1.3600000000e+01 6.6619161415e-03 9.2752800000e+01 3.2257425037e-01 9.4177988666e-01 3.2753075030e-03
-1.3650000000e+01 6.2313261610e-03 8.8563980000e+01 3.5632113241e-01 8.9924805558e-01 3.6179616752e-03
-1.3700000000e+01 5.8285671720e-03 8.5152800000e+01 2.4261170829e-01 8.6461211234e-01 2.4633954659e-03
-1.3750000000e+01 5.4518403307e-03 8.2295640000e+01 4.5798809220e-01 8.3560149680e-01 4.6502528555e-03
-1.3800000000e+01 5.0994630609e-03 7.8470800000e+01 3.9162880767e-01 7.9676539286e-01 3.9764636250e-03
-1.3850000000e+01 4.7698615389e-03 7.6260880000e+01 2.1158066169e-01 7.7432662868e-01 2.1483169495e-03
-1.3900000000e+01 4.4615636643e-03 7.3047180000e+01 2.4595765164e-01 7.4169582914e-01 2.4973690236e-03
-1.3950000000e+01 4.1731924854e-03 7.0951540000e+01 2.7930481843e-01 7.2041742462e-01 2.8359646351e-03
-1.4000000000e+01 3.9034600492e-03 6.7767700000e+01 1.4864218782e-01 6.8808981320e-01 1.5092614165e-03
-1.4050000000e+01 3.6511616487e-03 6.5724240000e+01 3.3083488722e-01 6.6734122638e-01 3.3591831446e-03
-1.4100000000e+01 3.4151704429e-03 6.3408700000e+01 2.5227533173e-01 6.4383003318e-01 2.5615165657e-03
-1.4150000000e+01 3.1944324235e-03 6.1612440000e+01 3.2208977103e-01 6.2559142972e-01 3.2703882531e-03
-1.4200000000e+01 2.9879617076e-03 5.9023600000e+01 2.0737055722e-01 5.9930524272e-01 2.1055689897e-03
-1.4250000000e+01 2.7948361345e-03 5.6890700000e+01 1.7529378198e-01 5.7764851302e-01 1.7798725079e-03
-1.4300000000e+01 2.6141931466e-03 5.5362740000e+01 9.4940937430e-02 5.6213413506e-01 9.6399747909e-04
-1.4350000000e+01 2.4452259377e-03 5.4054660000e+01 2.7953015687e-01 5.4885234268e-01 2.8382526402e-03
-1.4400000000e+01 2.2871798491e-03 5.1893180000e+01 2.9374405083e-01 5.2690542150e-01 2.9825756084e-03
-1.4450000000e+01 2.1393489990e-03 5.0165200000e+01 2.3434767974e-01 5.0936010958e-01 2.3794853776e-03
-1.4500000000e+01 2.0010731300e-03 4.8532900000e+01 1.4317108647e-01 4.9278629928e-01 1.4537097486e-03
-1.4550000000e+01 1.8717346601e-03 4.7023580000e+01 2.5745565715e-01 4.7746118546e-01 2.6141158024e-03
-1.4600000000e+01 1.7507559246e-03 4.5711820000e+01 1.4206929084e-01 4.6414202764e-01 1.4425224971e-03
-1.4650000000e+01 1.6375965958e-03 4.4445960000e+01 2.3984450088e-01 4.5128892250e-01 2.4352982110e-03
-1.4700000000e+01 1.5317512697e-03 4.3494380000e+01 1.6214392804e-01 4.4162690794e-01 1.6463534214e-03
-1.4750000000e+01 1.4327472091e-03 4.1595040000e+01 1.3246869668e-01 4.2234166578e-01 1.3450413675e-03
-1.4800000000e+01 1.3401422319e-03 4.0224860000e+01 1.5862481710e-01 4.0842933142e-01 1.6106215836e-03
-1.4850000000e+01 1.2535227360e-03 3.8985080000e+01 1.3641030533e-01 3.9584103362e-01 1.3850631129e-03
-1.4900000000e+01 1.1725018527e-03 3.7560260000e+01 5.5396187594e-02 3.8137390360e-01 5.6247374126e-04
-1.4950000000e+01 1.0967177180e-03 3.6593780000e+01 2.3613706274e-01 3.7156059960e-01 2.3976541572e-03
-1.5000000000e+01 1.0258318572e-03 3.5730440000e+01 1.6679111367e-01 3.6279454348e-01 1.6935393556e-03
-1.5050000000e+01 9.5952767230e-04 3.4222360000e+01 1.4766941999e-01 3.4748202018e-01 1.4993842791e-03
-1.5100000000e+01 8.9750902888e-04 3.3159000000e+01 1.7611382115e-01 3.3668503012e-01 1.7881988920e-03
-1.5150000000e+01 8.3949893283e-04 3.1973920000e+01 2.6110854142e-01 3.2465213722e-01 2.6512059230e-03
-1.5200000000e+01 7.8523829348e-04 3.1482000000e+01 9.1057443408e-02 3.1965735148e-01 9.2456582304e-04
-1.5250000000e+01 7.3448476637e-04 2.9967700000e+01 1.3810303400e-01 3.0428167248e-01 1.4022504877e-03
-1.5300000000e+01 6.8701167087e-04 2.9236000000e+01 1.8955878772e-01 2.9685224344e-01 1.9247144441e-03
-1.5350000000e+01 6.4260697773e-04 2.8295660000e+01 2.8784860361e-01 2.8730435594e-01 2.9227152649e-03
-1.5400000000e+01 6.0107236215e-04 2.7494420000e+01 2.0652358558e-01 2.7916884180e-01 2.0969691304e-03
-1.5450000000e+01 5.6222231793e-04 2.6623600000e+01 2.4027863201e-01 2.7032683640e-01 2.4397062073e-03
-1.5500000000e+01 5.2588332900e-04 2.5752760000e+01 1.5760410718e-01 2.6148462790e-01 1.6002576573e-03
-1.5550000000e+01 4.9189309442e-04 2.5002480000e+01 2.1296542771e-01 2.5386654396e-01 2.1623773795e-03
-1.5600000000e+01 4.6009980351e-04 2.4459640000e+01 4.6971678701e-02 2.4835473418e-01 4.7693419336e-04
-1.5650000000e+01 4.3036145778e-04 2.3586320000e+01 9.9984985873e-02 2.3948734462e-01 1.0152130001e-03
-1.5700000000e+01 4.0254523677e-04 2.2504380000e+01 1.7578730443e-01 2.2850169962e-01 1.7848835689e-03
-1.5750000000e+01 3.7652690481e-04 2.1561500000e+01 1.0559113126e-01 2.1892802184e-01 1.0721358687e-03
-1.5800000000e+01 3.5219025615e-04 2.1037280000e+01 1.6221439640e-01 2.1360527310e-01 1.6470689329e-03
-1.5850000000e+01 3.2942659592e-04 2.0530420000e+01 1.3648483212e-01 2.0845879178e-01 1.3858198312e-03
-1.5900000000e+01 3.0813425472e-04 1.9623580000e+01 1.9984136058e-01 1.9925105172e-01 2.0291201276e-03
-1.5950000000e+01 2.8821813450e-04 1.9172680000e+01 1.9529539524e-01 1.9467276890e-01 1.9829619657e-03
-1.6000000000e+01 2.6958928384e-04 1.8429800000e+01 1.6914254935e-01 1.8712982202e-01 1.7174150025e-03
-1.6050000000e+01 2.5216450064e-04 1.7870820000e+01 1.6189471702e-01 1.8145413220e-01 1.6438230249e-03
-1.6100000000e+01 2.3586596054e-04 1.7268320000e+01 1.2763981119e-01 1.7533655540e-01 1.2960105409e-03
-1.6150000000e+01 2.2062086931e-04 1.6838500000e+01 1.0583601939e-01 1.7097231162e-01 1.0746223758e-03
-1.6200000000e+01 2.0636113775e-04 1.6245960000e+01 1.5981971593e-01 1.6495586512e-01 1.6227541816e-03
-1.6250000000e+01 1.9302307759e-04 1.5473300000e+01 1.7471195437e-01 1.5711054244e-01 1.7739648251e-03
-1.6300000000e+01 1.8054711700e-04 1.4729200000e+01 1.1763978494e-01 1.4955520814e-01 1.1944737309e-03
-1.6350000000e+01 1.6887753457e-04 1.4181380000e+01 9.7479092117e-02 1.4399283308e-01 9.8976902213e-04
-1.6400000000e+01 1.5796221039e-04 1.4054660000e+01 9.5800900831e-02 1.4270616198e-01 9.7272925868e-04
-1.6450000000e+01 1.4775239333e-04 1.3475800000e+01 3.7961269736e-02 1.3682861752e-01 3.8544561211e-04
-1.6500000000e+01 1.3820248324e-04 1.2771420000e+01 9.7167774493e-02 1.2967658636e-01 9.8660801609e-04
-1.6550000000e+01 1.2926982734e-04 1.2398740000e+01 1.3118668225e-01 1.2589252240e-01 1.3320242500e-03
-1.6600000000e+01 1.2091452966e-04 1.1975160000e+01 1.0786891397e-01 1.2159163744e-01 1.0952636838e-03
-1.6650000000e+01 1.1309927293e-04 1.1457120000e+01 1.7052865859e-01 1.1633163824e-01 1.7314890753e-03
-1.6700000000e+01 1.0578915184e-04 1.1439780000e+01 1.4227244779e-01 1.1615557386e-01 1.4445852779e-03
-1.6750000000e+01 9.8951517160e-05 1.0920480000e+01 6.9572411199e-02 1.1088278108e-01 7.0641423135e-04
-1.6800000000e+01 9.2555829952e-05 1.0372660000e+01 9.7290228697e-02 1.0532040604e-01 9.8785137294e-04
-1.6850000000e+01 8.6573525136e-05 9.9701840000e+00 1.4280874478e-01 1.0123380382e-01 1.4500306547e-03
-1.6900000000e+01 8.0977883926e-05 9.8596280000e+00 6.2688701167e-02 1.0011125638e-01 6.3651941822e-04
-1.6950000000e+01 7.5743914492e-05 9.3105560000e+00 7.2699813452e-02 9.4536168980e-02 7.3816878742e-04
-1.7000000000e+01 7.0848240339e-05 9.0621120000e+00 1.1748809248e-01 9.2013554440e-02 1.1929335022e-03
